10, 3, 2
4, 6, 2
10, 9, 2
4, 12, 2
10, 15, 2
2, 3, 14
10, 20, 2
7, 23, 4
10, 28, 2
2, 20, 10
6, 23, 4
3, 23, 4
10, 33, 8
8, 36, 5
4, 36, 5
2, 33, 8
X
3, 2, 7
5, 5, 5
5, 8, 5
5, 11, 5
5, 14, 5
3, 17, 7
3, 19, 7
8, 22, 2
8, 27, 2
3, 30, 7
4, 22, 2
4, 27, 2
3, 32, 7
9, 41, 1
5, 35, 3
3, 41, 1
X
2, 2
4, 5
4, 11
2, 19
7, 22
3, 22
2, 32
4, 35
X
10, 2
10, 8
10, 14
10, 19
10, 27
6, 22
10, 32
8, 35
X
10, 5
10, 11
10, 17
10, 22
10, 30
6, 27
10, 41
4, 41
X
4, 8
4, 14
2, 17
7, 27
2, 30
3, 27
8, 41
2, 41
X
10, 44, 2
6, 47, 5
2, 44, 8
5, 47, 3
3, 47, 3
10, 55, 2
7, 58, 4
10, 63, 2
2, 55, 10
6, 58, 4
3, 58, 4
10, 68, 2
7, 72, 1
9, 74, 1
10, 76, 3
2, 77, 2
5, 74, 1
3, 72, 1
2, 68, 3
X
3, 43, 7
7, 46, 3
3, 52, 3
4, 46, 1
4, 50, 1
3, 54, 7
8, 57, 2
8, 62, 2
3, 65, 7
4, 57, 2
4, 62, 2
3, 67, 7
6, 70, 4
6, 71, 1
8, 73, 1
3, 79, 7
3, 76, 5
6, 75, 1
4, 73, 1
X
2, 43
6, 46
3, 46
2, 54
7, 57
3, 57
2, 67
5, 70
2, 76
X
10, 43
5, 46
10, 54
10, 62
6, 57
10, 67
7, 71
9, 73
10, 75
7, 75
5, 73
3, 71
X
10, 46
6, 52
5, 50
10, 57
10, 65
6, 62
10, 70
10, 79
7, 76
X
2, 52
3, 50
7, 62
2, 65
3, 62
5, 71
7, 73
9, 75
5, 75
2, 79
3, 73
2, 71
X